  -100.00000000000001 -3.9002866209206446
 -95.00000000000001 -3.5407327628715426
 -90.00000000000001 -3.3025027629852253
 -85. -2.924213091075235
 -80. -2.677042794961746
 -75. -2.399579715112204
 -70. -2.1197273579392406
 -65. -1.9431939100570228
 -60.00000000000001 -1.6500158242615397
 -55.00000000000001 -1.503772957823999
 -50.00000000000001 -1.2621993523034731
 -45.00000000000001 -1.1014811472089348
 -40. -0.9262288699891643
 -35. -0.8036405701030063
 -30.000000000000004 -0.6502275199137239
 -25.000000000000004 -0.4847208373384056
 -20. -0.3411590678165421
 -15.000000000000002 -0.2924621652746645
 -10. -0.1499695152542691
 -5. -0.07566386993187771
 0. 0.0034172773361206056
 5. 0.03468394969554818
 10. 0.08838870891666231
 15.000000000000002 0.18669427551653842
 20. 0.25490033928832745
 25.000000000000004 0.2964487010781434
 30.000000000000004 0.31716607754433546
 35. 0.3142683940555895
 40. 0.32164346611252775
 45.00000000000001 0.38608320633780757
 50.00000000000001 0.337890693767391
 55.00000000000001 0.3841511786884463
 60.00000000000001 0.37089016943243225
 65. 0.4366107494997553
 70. 0.37315614683434356
 75. 0.41169599830263526
 80. 0.3850763971257218
 85. 0.3943046026226397
 90.00000000000001 0.39781456236913815
 95.00000000000001 0.29605027274444834
 100.00000000000001 0.37948042848189245
 105.00000000000001 0.35877932408959956
 110.00000000000001 0.34658687268860106
 115.00000000000001 0.24456063301435457
 120.00000000000001 0.22909394645256068
 125.00000000000001 0.2964745532598984
 130. 0.274897232345783
 135. 0.18546188588753712
 140. 0.17398373598264613
 145. 0.2086195734762509
 150. 0.13478119237532166
 155. 0.20266130134114785
 160. 0.1997291296248128
 165. 0.16462335619083843
 170. 0.12724329002297985
 175.00000000000003 0.14353080688220785
 180.00000000000003 0.09088750486831527
 185.00000000000003 0.04674517172826722
 190.00000000000003 0.08188301429952545
 195.00000000000003 0.09497594866365797
 200.00000000000003 0.015416000674975625
 205.00000000000003 0.014937734718006634
 210.00000000000003 0.029880046844706167
 215.00000000000003 0.08009485234428523
 220.00000000000003 0.01173211228943357
 225.00000000000003 0.05646230697871455
 230.00000000000003 0.025431774577857173
 235.00000000000003 0.01225095672018752
 240.00000000000003 -0.02687515529564777
 245.00000000000003 -0.0050203383931785575
 250.00000000000003 0.03055380135585943
 255.00000000000003 0.02432161816781275
 260. -0.042882014581863775
 265. -0.051017962842480585
 270. -0.007972832905660936
 275. 0.008510395386105716
 280. -0.042154901960827766
 285. -0.02889144077887747
 290. -0.05997668856208431
 295. 0.0334063376171718
 300. -0.023239035343427597
 305. -0.0020474958589852097
 310. 0.022898309269688475
 315. -0.013695340628443634
 320. 0.0050797247904036825
 325. -0.0626830512983609
 330. -0.046694238700128995
 335. -0.021217883138469878
 340. 0.0056816707172541335
 345. -0.006219471006041524
 350.00000000000006 -0.037273426180718786
 355.00000000000006 -0.048598503755614066
 360.00000000000006 0.00427509021144519
 365.00000000000006 -0.007456012554667549
 370.00000000000006 -0.03637620486422499
 375.00000000000006 -0.03676038675165703
 380.00000000000006 0.02098187461929412
 385.00000000000006 0.029222052426458943
 390.00000000000006 -0.0027059779039694865
 395.00000000000006 -0.020857814048201497
 400.00000000000006 0.011466539206171886
 405.00000000000006 -0.008773004054248324
 410.00000000000006 -0.052340683686443464
 415.00000000000006 -0.04236476435492162
 420.00000000000006 -0.03630398883941979
 425.00000000000006 -0.01671068934391856
 430.00000000000006 0.04060426396847861
 435.00000000000006 -0.011670685070550529
 440.00000000000006 -0.05186863349368965
 445.00000000000006 -0.008237233194837212
 450.00000000000006 0.004831736144635279
 455.00000000000006 0.038968258566505216
 460.00000000000006 -0.020359418609636328
 465.00000000000006 0.03783104356840799
 470.00000000000006 -0.007447672320536298
 475.00000000000006 0.03430619098535807
 480.00000000000006 -0.009645977623454084
 485.00000000000006 0.025839282233082562
 490.00000000000006 0.013203535987888905
 495.00000000000006 -0.04711954605437378
 500.00000000000006 0.04696195253415245
